4866
4364
1944
3630
4364
1938
4866
3630
4866
4364
1931
3630
4866
3543
4364
1922
3543
4866
4364
1914
3384
4866
4360
2302
3375
4866
4364
2707
3419
4364
2905
4866
3439
4866
4364
2916
3439
4866
4364
2993
4866
3361
4364
2959
4866
3432
4365
2654
3616
4864
2496
4363
3841
4864
4361
2365
3963
4355
2251
4865
4047
4353
2324
4863
4351
2210
4142
4864
4143
4351
2278
4864
4143
4350
2167
4864
4143
4349
2098
4863
4864
4350
2020
4144
4145
4860
4351
2080
4144
4860
4354
2017
4144
4350
1966
4863
4145
4863
4339
1930
4339
1910
4147
4863
4863
4338
1921
4014
4863
4338
1900
3712
4338
1930
3534
4863
4863
4337
1914
3373
4863
4337
2283
3228
4864
2865
4337
2154
2717
4864
4307
2046
2717
4336
2070
4864
2672
4864
4337
2037
2672
4336
2029
4864
2672
4338
2020
4864
4338
2630
4865
2008
4338
2630
2001
4865
4338
1991
2630
4865
4338
2479
2254
4865
2523
4331
3091
4865
4330
3435
2471
4865
4331
3436
2338
4864
4864
4331
3178
2216
4331
3050
4864
2491
4864
4331
2870
2233
4865
4332
2753
2375
4865
4334
2606
2120
4865
4335
2456
1979
4335
2369
4865
1910
4865
4335
2310
1864
4865
4336
2224
2263
4335
2123
2289
4865
2264
4335
2083
4865
2241
4335
2030
4865
2218
4865
4336
1991
2218
4865
4336
1981
2195
4865
4336
1975
2195
4865
4336
1972
2195
4865
4336
1966
4864
2114
4336
2105
2228
4865
4337
2235
4866
2055
4341
2274
1982
4862
4343
2114
2244
4865
4344
2137
4865
2244
4346
2241
4865
2244
4347
2157
2220
4865
4348
2096
2198
4865
4348
2050
2198
4348
2042
4865
2793
4350
2438
4866
2782
4353
2410
4863
2494
4866
4355
2216
4866
4357
2066
2306
4866
4360
2223
2292
4361
2219
2785
4867
4362
2154
2796
4867
4363
2163
4866
2439
4364
2137
4867
2512
4364
2657
2162
4866
3018
4867
4365
2139
2754
4867
4366
2199
2441
4867
4366
2094
2263
4867
4366
2091
2539
4366
2004
4867
2291
4366
2091
4867
2266
4366
2121
4866
2458
4366
2043
4867
2357
4366
1980
4867
4365
1949
2108
4865
2472
4363
2523
4866
2311
4363
2966
4866
2097
4363
3461
4867
2414
4363
4099
4867
2292
4363
3773
4867
2533
4363
3572
4867
2469
4867
4363
3507
2200
4363
3341
4867
2338
4867
4363
3062
2407
4867
4364
2817
2419
4867
4364
2551
2374
4867
4365
2346
2361
4365
2167
4867
4365
2167
2047
4867
2042
4365
4867
2097
2444
4866
4364
2179
2867
4866
4365
2206
3314
4867
4366
2258
4867
3662
4366
2117
4867
4004
4366
2030
4138
4866
4363
2068
3721
4866
4365
2132
3459
4366
2046
4866
3305
4866
4366
1992
3232
4866
4366
1971
3232
4366
1965
4866
3232
4366
1961
4866
4366
1957
3232
4866
3167
4866
4366
1954
4866
3167
4366
1951
2869
4867
4366
2242
2722
4867
4366
2084
2722
4366
2061
4866
2722
4365
2002
4868
2722
4365
1982
4868
2595
4366
2114
4868
2483
4366
2085
4868
2418
4367
2055
4868
2418
4868
4367
2032
2418
4868
4367
2007
2231
4367
2162
4868
2403
4366
2187
4868
4366
2080
2259
4867
4363
2060
2322
4867
2432
4867
4365
2147
2423
4868
4364
2121
2350
4868
4366
2185
2378
4866
4367
2115
2241
4867
4367
2172
2349
4867
4366
2058
2370
4867
4367
2158
2380
4366
2133
4867
2415
4368
2061
4867
2249
4368
1998
4867
2086
4368
1985
4867
2022
4368
1981
4867
1946
4368
1976
4867
4368
1975
1884
4867
4368
1970
1875
4867
4368
1968
1865
4867
4368
1865
1965
4867
4867
4368
1961
1865
4867
4368
1958
1858
4368
4867
1858
1956
1858
4867
4368
1953
2475
4868
4365
1923
2347
4868
4366
1909
2604
4364
1938
4868
2458
4868
4365
2001
2338
4867
4364
1973
2260
4867
4365
1965
2260
4867
4366
1961
2237
4366
1959
4867
4867
2237
4366
1956
2237
4867
4366
1953
4867
4366
1950
2237
2237
4867
4366
1948
2237
4867
4366
1946
2211
4366
4867
1942
2211
4366
1939
4867
2211
4366
4867
2194
4366
2211
2108
4867
4366
2124
2211
4867
4366
2146
2211
4867
4366
2078
2190
4867
4366
2035
2190
4867
4366
2005
4867
2190
4366
1999
4867
2190
4366
1996
4867
2190
4366
1991
4867
2190
4366
1989
2190
4867
4366
2170
1984
4867
4366
2170
1983
4867
4366
2170
1980
4867
4366
1976
2170
4867
4366
2170
1974
4867
4366
2170
1970
4867
4366
2170
1968
4867
4366
1964
2151
4867
4366
1961
4867
2151
4366
2151
1955
4867
4366
2151
1949
4867
4366
1943
2151
4867
4366
1932
2151
4867
4366
2151
4867
1925
4366
2129
1921
4867
4366
2129
1911
4867
4366
2129
2067
4867
4366
2052
2129
4867
4366
2038
2129
4866
4366
2030
2129
4866
2129
4866
4366
2024
2112
4366
4866
2126
2112
4366
2130
4866
2112
4366
2122
4866
2112
4366
2107
4866
4366
2112
2058
4866
4366
2063
2112
4867
2095
4867
4366
2067
2095
4366
2245
4867
4366
2095
2317
4867
2095
4867
4366
2255
2095
4867
4366
2210
4867
2095
4366
2187
2095
4867
4366
2286
2077
4867
4366
2536
2077
4867
4366
2751
2077
4366
3080
4867
2077
4366
3269
4867
2077
4366
3739
4867
2077
4366
4032
4867
4366
2061
4339
4867
4366
4259
2061
4867
4366
4456
2061
4867
4366
4459
2061
4867
2061
4366
4867
4217
2061
4867
4366
4168
4867
2061
4366
3998
2044
4867
4366
3750
2044
4867
4366
3354
2044
4366
4867
3039
2044
4366
2696
4867
2044
4366
2479
4867
2044
4366
2373
4867
2028
2456
4366
4867
4366
2731
2028
4867
4366
3856
2028
4867
4366
3505
2028
4867
2028
3075
4366
4867
4867
4366
2756
2014
4867
2332
4366
2014
2014
4366
3026
4867
2014
4366
2479
4867
2014
4366
2915
4867
2002
2595
4366
4867
2002
4366
2437
4867
2002
4366
4867
2312
2002
4366
2293
4867
2002
4867
2275
4366
2002
4867
2315
4366
1988
4867
4366
2266
1988
4867
2582
4366
1988
4867
2280
4366
1988
4867
4366
2329
1988
4866
4366
2534
1974
4866
4366
2738
1974
4366
2412
4866
4366
2197
1974
4866
1974
4366
2270
4866
1974
4366
2269
4866
1961
4366
2323
4866
1961
4366
2141
4866
1961
4366
2254
4866
1961
4366
2121
4866
1961
4366
2091
4866
1949
4366
2095
4866
4366
1949
2087
4866
4366
2083
1949
4866
4366
2081
1949
4866
4366
2084
1949
4866
4866
4366
2076
1937
4866
4366
2071
1937
4366
2073
4866
1937
4366
2068
4866
1937
4366
2064
1927
4866
4366
2065
1927
4866
4366
2059
1927
4866
4366
2060
1927
4866
4366
2053
1927
4866
4366
2051
1916
4866
4366
1916
2043
4866
4366
2036
1916
4866
4366
2032
1916
4866
4366
2027
1908
4866
4366
2021
1908
4866
4366
2015
1908
4866
4366
2012
1908
4866
4366
2009
1897
4866
4366
2007
1897
4866
4366
2004
1897
4866
4366
2001
4866
1888
4866
4366
1888
1998
4866
4366
1888
1996
4366
4866
1996
1888
4366
1994
1878
4866
4366
2046
1878
4866
4366
2122
1878
4866
4366
2166
1878
4866
1870
4366
4866
2063
1870
4366
2096
4866
1870
4366
2171
4866
1870
4366
2294
4866
4366
1860
2154
4866
4366
2309
1860
4866
4866
4366
1860
2152
4866
4366
2115
1853
4366
2132
4866
1853
4366
2124
1853
4866
4366
2118
1853
4866
4366
2087
1846
4866
4366
2154
1846
4866
1846
4366
4866
3014
1846
4866
4366
3019
1846
4866
4366
2647
1846
4866
4366
2345
1846
4866
4366
2521
1846
4366
2789
4866
1846
4366
2409
4866
4366
1846
2997
4866
4366
2598
1836
4866
1836
4366
2340
4866
1836
4366
4866
2165
1836
4866
4366
2211
1836
4866
4366
2258
1836
4366
4866
2130
1836
4366
2224
4866
1836
4366
2248
4866
4366
1836
2278
4866
4366
2280
1836
4866
1836
4366
4866
2288
1829
4866
4366
2268
1829
4866
4366
2411
4866
1829
4366
2194
4866
4366
1829
2216
4366
2124
4866
1829
4366
2228
1829
4866
4866
4366
1829
2178
4866
4366
2210
1829
4866
4366
2193
1829
4866
4366
2278
1829
4866
4366
2217
1829
2173
4866
4366
1822
4366
2175
1822
4866
4366
2172
1822
4866
4366
1822
2256
4866
4366
2183
1822
4865
4366
2239
1822
4865
4366
2094
1822
4865
4366
2028
1822
4865
4366
2055
1822
4865
4366
2076
1816
4865
4865
4366
2078
1816
4865
4366
2069
1816
4366
2107
4865
1816
4865
4366
2072
1816
4366
4865
2062
1816
4366
2061
4865
1816
4865
4366
2046
1816
1803
4865
4366
2057
1836
4366
4865
2041
4865
1836
4362
2048
1836
4865
4362
2034
4865
1836
4362
2028
4865
4362
1828
2123
4865
4362
2020
1828
4362
4865
2083
1828
4362
2027
1828
4865
4362
2042
4865
1828
4362
2026
4865
1828
4865
1828
4362
2096
4865
4362
1828
2055
1828
4865
4362
2458
1828
4865
4362
2734
1821
4865
4362
2683
1821
4362
4865
2634
1821
4362
2996
4865
4362
1821
2825
4865
4362
2431
1821
4865
4362
2375
1821
4865
4362
2348
1821
4865
4362
2348
1821
4865
4362
2336
1821
4865
4362
2336
1821
4865
4362
2324
1814
4865
4362
2324
1814
4865
4362
2313
1814
4865
4362
2302
1814
4865
4362
2281
1814
4865
4362
2271
1814
4865
4362
2261
1814
4865
4362
2261
1814
4865
4362
2252
1814
4865
1814
4362
2252
4865
1807
4362
2252
4865
1807
4362
2243
4865
1807
4362
2243
4865
1807
4362
2234
4865
1807
4362
2234
4865
4362
1807
2234
4865
4362
2225
1807
4865
4362
2217
1807
4866
1801
4362
4866
2210
4866
4362
1801
2201
4866
4362
1801
2194
4866
4362
1801
2186
4362
4866
1801
2179
4362
2172
1801
4866
4362
2165
1801
4866
4362
2158
1801
4866
4362
2152
1801
4866
4362
2111
4866
1794
4362
2061
4866
1794
4866
1794
4362
2029
1794
4866
4362
2011
1794
4362
4866
2005
1766
4365
2261
4866
1868
4362
2133
4866
1808
4361
2010
4866
1810
4360
1937
4866
1827
4865
4361
2042
1860
4866
4360
1985
1835
4866
4360
1961
1835
4865
4360
1948
1835
4360
4865
1947
1835
4360
1946
4865
4360
1835
1944
4865
4360
1943
1835
4865
4360
1941
1826
4865
4360
1940
1826
4865
4360
1938
1826
4865
4360
1826
1937
4865
4360
1934
2138
4865
4360
1932
2118
4865
4360
1931
2160
4865
4360
1929
2160
4865
4360
1928
2160
4865
4865
4360
1926
2160
4865
4360
1924
2160
4360
1924
2160
4865
2160
4865
4360
1922
2160
4360
4865
1922
2141
4360
1919
4865
4865
4360
2141
1919
4360
4865
1918
2141
4360
1916
2141
4865
4360
1914
2141
4865
4360
1913
2141
4865
4360
1910
2141
4865
4360
1909
2141
4865
4360
1908
2141
4865
2141
4360
1906
4865
2141
4360
1904
4865
2141
4360
1903
4865
2141
4360
1901
4865
2122
4360
1900
4865
4360
2122
1899
4865
4360
1897
2122
4865
4360
1895
2122
4865
4360
1894
2122
4865
4360
2122
1892
4865
2122
4865
4360
1891
2122
4865
4360
1891
2122
4865
4360
1890
2122
4865
4360
1889
2122
4865
4360
1888
2103
4360
4865
1887
2103
1886
4360
4865
4360
2103
1885
4865
4361
1884
2103
4865
4361
1884
4865
2103
4361
1882
2103
4865
2103
4865
4361
1881
2103
4865
4361
1881
2103
4361
4865
1880
2086
4361
1879
4865
2086
4361
1878
4865
4361
2086
1877
4865
4361
1875
2086
4865
4361
1874
2086
4865
4361
1873
2086
4865
4361
1872
2086
4865
4361
2070
1871
4865
4361
1870
2070
4865
2070
4865
4361
1869
2070
4361
4865
1867
2070
4361
1866
4865
2070
4865
4361
1864
2070
4865
4361
1864
4865
2054
4361
1863
4865
4361
2054
1861
4865
4361
1860
2054
4361
4865
1858
2054
2054
4865
4361
1857
2054
4865
4361
1855
2039
4361
4865
1854
4361
2039
1852
4865
4361
1851
2039
4864
4361
1851
2024
4864
4363
1850
2024
4864
4363
1850
2024
4864
4363
1850
2024
4864
4363
1850
2010
4864
4363
1850
2010
4864
4363
4864
1850
2010
2010
4363
1850
4864
2010
4363
1850
4864
1996
4864
4363
1850
1959
4865
4363
1850
4865
1959
4363
1850
4363
1959
4865
1850
4363
1850
1959
4865
4363
1850
1947
4865
4363
1850
4865
1947
4363
1850
1947
4865
1947
4357
4865
1850
1947
4357
1850
4865
1935
4357
1850
4865
1935
4357
1850
4865
4357
1935
1850
4865
1850
4357
1935
4865
4357
1850
1935
4865
4357
1849
1935
4865
4357
1887
1924
4865
4357
1886
1924
4865
4357
1885
1924
4866
4357
1883
1924
4866
4357
1882
1924
4866
4357
1881
1914
4866
4357
1880
1914
4866
4357
1878
1914
4866
4357
1877
1914
4866
4357
1876
1914
4866
4357
1876
1904
4866
4866
4357
1873
1904
1904
4866
4357
1871
1894
4357
1871
4866
1894
4357
1869
4866
1834
4362
2094
4866
4866
1800
4363
2022
4866
4360
1922
2128
4363
2050
4865
1873
4363
2025
1870
4865
1876
4865
4362
2053
4865
1874
4364
1982
4865
4365
1930
2050
4365
2099
1871
4865
4365
2013
1960
4865
4361
2000
1895
4865
4364
1959
1851
4865
4365
1935
4865
1801
4365
1930
1756
4865
4365
1926
1838
4865
4365
1936
1926
4865
4365
2102
1924
4865
4365
1973
1922
4865
4365
1920
1878
4865
4365
1919
2219
4865
2221
4365
1917
4865
2084
4365
1915
4865
4365
2006
1914
4865
4365
2006
1912
4865
4365
1910
1993
4865
4365
1909
1993
4865
4365
1907
1993
4865
4364
4865
1905
1993
4364
1903
4865
1993
4364
1902
1993
4865
4364
1900
1993
4865
4364
1898
1993
4865
4364
1896
1980
4865
4364
1894
1980
4865
4364
1892
1980
4865
4364
1891
1980
4865
4364
1890
1980
4865
4364
1889
1980
4865
4364
1980
1888
4865
4364
1887
1980
4865
4364
1886
1980
4865
4364
1885
1968
4865
4364
1884
1968
4865
1968
4865
4364
1883
1968
4865
4364
1882
1968
4865
4364
1882
1968
4364
4865
1880
4865
1968
4364
1880
4865
4364
1968
1878
4364
4865
1968
1877
4364
1876
1956
4865
4364
1875
1956
4865
4364
1874
1956
4865
4364
1873
1956
4865
4364
1871
1956
4866
4364
1870
1945
4866
4364
1869
1945
4866
4364
1868
1945
4866
4364
1867
1945
4866
4364
1945
1865
4866
4364
1945
1864
4866
4364
1863
1945
4866
4364
1862
1933
4866
4364
1860
1933
4866
4364
1859
1923
4866
4364
1858
1902
4866
4364
1856
1902
4866
1902
4364
1856
4866
1902
4365
1854
4866
1892
4365
1853
4866
1892
4365
1852
4866
4365
1892
1850
4866
4365
1849
1892
4866
4365
1850
1892
4866
1892
4365
4866
1850
1892
4866
4365
1850
1883
4866
4365
1850
1883
4866
4365
1850
1883
4365
1850
4866
1874
4365
1850
4863
1874
4365
1850
4863
1874
4365
1850
4863
1874
4365
1850
4863
1874
4365
1849
4863
1866
4365
1850
4863
1866
4365
1850
4863
1866
4365
4863
1850
4863
1866
4365
1850
1866
4863
4365
1850
1857
4365
4863
1850
4365
1850
1857
4863
4365
1850
4863
1857
4365
1850
1857
4863
1857
4863
4365
1850
1849
4863
4365
1850
1849
4863
4365
1850
1841
4863
4365
1850
1841
4863
4365
1850
1841
4365
4863
1851
1834
4364
1850
4863
4364
1834
1851
4863
4364
4863
1851
1825
4364
1850
1825
4865
4364
1851
1819
4865
4364
1851
1819
4865
4364
1851
4865
1819
4364
1851
1812
4865
4364
1851
1812
4865
4364
1850
4865
1812
4865
1806
4364
1851
1806
4865
4364
1851
1806
4865
4364
1852
1798
4865
4364
1851
1798
4364
1851
4865
4364
1798
1851
4865
4364
1851
1793
4865
1793
4865
4364
1851
1793
4865
4364
1850
1793
4865
4364
1850
1793
4865
4364
1850
1793
4865
4364
1850
1787
4865
4364
1850
1787
4865
4364
1850
1787
4865
4364
1850
1782
4865
4364
1850
1782
4364
1850
4865
4364
1851
1782
4865
4364
1850
4865
1782
4364
1850
1782
4865
4364
1850
1775
4865
4364
1850
1775
4865
4364
1850
1775
4865
4364
1850
1770
4865
4364
1850
1770
4865
4364
1850
4865
1770
1765
4865
4364
1850
1765
4865
4364
1849
1765
4364
4865
1850
1760
4364
1850
4865
4364
1760
1850
4865
4364
1850
1754
4865
4364
1851
1754
4865
4364
1851
1754
4865
4364
1850
1750
4865
1746
4364
1850
4865
1746
4364
1851
4865
1741
4364
1851
4865
1737
4364
1850
4865
4364
2148
1885
4866
4364
1881
2148
4866
4364
1880
2244
4866
4364
1879
2244
4866
4364
1876
2244
4866
4364
1874
2244
4866
2342
4364
1873
4866
2342
4866
4361
1871
2342
4866
4361
1869
2342
4361
1868
4866
4361
2342
1865
4866
4361
1864
4866
2342
4361
1862
2437
4866
4361
1861
2437
4866
4361
1858
2437
4860
4361
1849
2437
4860
2437
4361
1849
4860
4361
2535
1849
4860
4361
1851
2535
4860
4361
1850
2535
4860
4361
1850
2535
4860
4361
4860
1889
2535
4361
1887
4860
2535
4363
1888
2624
4860
4363
1883
2624
4860
4363
1879
2624
4861
4363
1876
2707
4861
4363
1874
2707
4861
4363
1872
2707
4861
4363
4861
1870
2707
4861
4363
2779
1869
4861
4363
2732
1866
4861
4358
1863
2732
4358
4860
1860
2732
4860
2732
4358
1859
2688
4860
4358
1855
2688
4860
4358
1852
2688
4860
4358
1868
2646
4860
4358
1866
2646
4860
4358
1863
2646
4860
4358
1861
2646
4358
1859
4860
4358
2646
1857
4860
4860
4358
2646
1855
4358
1853
2602
4860
4358
1890
2602
4860
4358
1941
2602
4860
4358
1938
4860
2565
4358
1935
4860
2565
4860
4358
2565
1932
4860
2565
4358
1926
4358
2565
1923
4860
4358
1920
2565
4860
4358
1916
2531
4860
4358
1915
2531
4860
4358
2531
1911
4860
4358
2531
4860
1908
4358
2531
1906
4858
4358
2492
1904
4858
4358
4858
1901
2492
4357
1894
4858
2314
4357
1892
2149
4858
2009
4858
4357
1889
1885
4357
4858
1888
1815
4357
1887
4858
1786
4858
4357
1885
1779
4858
4357
1883
1779
4858
4357
1891
1773
4356
4858
1964
1773
4356
1959
4858
1767
4356
1955
4858
1764
4356
1953
4856
4356
1824
1950
4856
4857
4353
1943
1950
4854
4353
1940
1904
4854
4355
2159
2044
4349
4855
2070
2086
4355
2007
1951
4856
4355
1942
1955
4856
4355
1926
1898
4855
4355
1902
1849
4855
4346
1880
1803
4855
4354
1871
1758
4855
4354
1859
1787
4855
4855
4356
1850
1899
4356
4855
1849
1898
1878
4856
4355
1850
1869
4856
4355
1849
1869
4355
4856
1850
1858
4355
1851
4856
4355
1858
1913
4856
1851
4856
4355
1940
1841
4856
4355
1937
1841
4355
1935
4856
1841
4355
1931
4856
1835
4856
4355
1927
1835
4856
4355
1922
1824
4355
1920
4856
1816
4355
1917
4856
1809
4355
1916
4856
4355
1809
1913
4856
1802
4355
1911
4856
4856
1794
4356
1907
1789
4356
4856
1903
4356
1789
1901
4856
4356
1897
1781
4856
4356
1895
1777
4856
4356
1891
1763
4856
4856
4356
1889
1763
4856
4356
1888
1756
4356
1886
1756
4856
4356
1885
1751
4856
4356
1883
1751
4856
4356
1880
1746
4856
4356
1881
1740
4856
1735
4856
4356
1879
1730
4856
4356
1875
1730
4856
4356
1873
1725
4856
4356
1872
1721
4356
1870
4856
4356
1721
1868
4856
4356
1865
1716
4856
4356
1864
1709
4856
4356
1868
2545
4856
4357
1957
2925
4857
4357
1928
3455
4857
4360
1906
4054
4857
4359
1891
4121
4858
4009
1880
4859
4361
3899
4859
4361
1870
3704
4858
4362
1966
3611
4858
4362
1939
3522
4858
4357
1920
3522
4858
4362
1907
3522
4362
1901
4859
3361
4362
1893
4859
3078
4364
1876
4859
3078
4364
1860
4860
3078
4364
2085
4852
4364
3078
4860
2358
4364
2259
3078
4860
4364
2180
3017
4860
4364
2098
4860
3017
4860
4364
2038
3017
2958
4364
4860
2003
2958
4860
4364
2012
2958
4364
2007
4860
4860
4364
2000
2958
4860
4364
1991
2958
4363
1987
4860
2958
4860
4363
1984
2958
4860
4363
1980
2902
4860
2902
4363
1977
4860
2902
4363
1971
2902
4860
4363
1968
2902
4363
4860
1965
2847
4363
1963
4860
2847
4860
4363
1956
4860
2847
4363
1953
4860
2847
4363
1948
4860
4363
1945
2847
4860
4363
1943
2796
4363
1940
2796
4860
4363
1935
2796
4860
4363
1934
2796
4860
4364
1927
2701
4860
4364
1907
2463
4861
2988
4363
4862
1895
2795
4862
4365
1886
2496
4862
4362
1877
2256
4364
4862
1874
2164
4364
1872
4863
4364
2084
1870
4863
4364
1868
2084
4863
4364
1868
2084
4863
4364
1869
2084
4863
2067
4863
4364
1868
2067
4863
4364
1868
2067
4364
4863
1868
2049
4863
4364
1868
4863
2049
4364
1916
4863
2049
4366
1937
4863
2033
4366
1902
4365
4863
2033
1887
4365
2123
1963
4864
4365
2070
1915
4865
4366
2063
2187
4865
4366
2058
4865
2187
4366
2052
4865
2187
4865
4366
2045
2164
4865
4366
2039
2164
2164
4865
4366
2036
2164
4366
2030
4865
2143
4366
2024
4865
2143
4366
2019
4865
2124
4366
4865
2015
2124
4366
2007
4865
4366
2105
2002
4865
4366
1996
2105
4865
4865
4366
1992
2105
4366
4865
1985
2087
4366
1982
4865
2087
2070
4366
1976
4865
2070
4366
1969
4865
2052
4366
1964
4865
2036
4865
4366
1960
2036
4864
4366
1955
2020
4366
1949
4864
2020
4366
1945
4864
4366
2005
1940
4864
4366
1936
1991
4864
4366
4864
1991
1932
4366
1928
1977
4864
4366
1977
1926
4864
4366
1922
1964
4864
4366
1918
1964
4864
4366
4864
1915
1964
4366
1911
4864
1950
4366
1908
1938
4864
4366
1907
1938
4864
4366
1905
1938
4864
4366
1903
4864
1926
4864
4366
1901
1926
4864
4366
1899
1915
4864
4366
1897
1915
4366
1894
4864
1903
4865
4366
1886
1863
4865
4366
1897
1761
4865
1724
4366
1893
1719
4865
4363
1891
1715
4363
1889
4865
1715
4363
1886
4865
1711
4363
1885
4865
1706
4363
1882
4865
1702
4363
1879
4865
4363
1699
1876
4865
4363
1874
1699
4865
4363
1871
1695
4865
1690
4363
1868
4865
4363
1687
4865
1867
4363
1867
1684
4865
4363
1680
1867
4865
4363
4865
1868
1680
4366
1867
4865
1678
4366
4865
1867
1670
4366
1867
4865
1668
4366
1867
1665
4865
4366
1867
1661
4865
1655
4366
1867
4865
1654
4366
4865
1867
4366
1652
1867
4862
4366
1867
1651
4862
4366
1868
1643
4862
1641
4366
1869
4862
1639
4366
1867
4862
4366
1634
1867
4862
4366
1632
1868
4862
4366
1867
1630
4862
4366
1868
1628
4862
4366
1868
1623
4862
4366
1623
1906
4862
1619
4862
4366
1904
1616
4865
4366
1903
1611
4366
4865
1901
1610
4865
4366
1901
4865
1653
4366
1898
1681
4865
4366
1895
1738
4865
4366
1893
1738
4367
4865
1912
1765
4367
4865
1909
1760
4367
4865
1906
4367
1755
1905
4865
4367
4865
1755
1903
4367
1750
4865
1902
4367
1750
4865
1900
4367
1738
4865
1898
4367
1733
4865
1896
4366
1724
1893
4865
1724
4366
4865
1911
4865
1715
4366
1909
1710
4865
4366
1907
1707
4866
4366
1905
4866
1702
4366
1903
4866
1699
4366
1901
1687
4866
4366
1899
4366
1684
4866
1897
4366
4866
1684
1917
4366
1676
4866
1913
4366
1673
4865
1910
4366
1670
4865
1909
4366
4865
1667
1906
4366
1667
4865
1905
4366
4865
1661
1903
4366
4865
1658
1902
4366
4865
1651
1901
4366
4865
1899
1650
4366
4865
1643
1917
4366
4865
1638
1912
4366
1633
4865
1910
4366
4865
1631
1908
4865
1629
4366
1905
4865
1624
4366
1902
1618
4865
4366
1898
1614
4865
4366
1896
1611
4865
4364
1894
1608
4865
4364
1892
1606
4865
4364
1890
1602
4865
4364
1886
2157
4365
4863
1915
4863
2211
4362
1973
2530
1970
4360
4864
2589
4361
4864
1968
2476
4361
4864
1966
2319
4361
4864
1963
4361
4864
2265
1959
4864
4361
2265
1958
4864
4361
2265
1953
4864
2239
4361
1951
2239
4863
4361
1947
2239
4863
4361
1942
2216
4361
4863
1970
2216
4361
1968
4863
2171
4361
1952
4863
2150
1946
4361
4863
2130
1928
4360
4863
1921
2130
4360
4863
1917
4360
2110
4863
1914
4360
2092
4863
1910
4360
2074
4863
1907
4360
2057
4863
1907
4360
2042
4863
1903
4360
2042
4863
1901
4360
2023
4862
1898
4360
2012
4862
1899
4360
1996
4862
1897
4360
1996
4862
1893
1981
4360
4862
1981
4862
1892
4360
1968
1889
4862
4360
1968
1888
4360
4862
1885
1954
4360
4862
1881
4361
1942
4862
1933
1879
4862
4361
4863
1918
1898
4361
4863
1908
1920
4361
4863
1943
1908
4361
4863
1939
4361
1898
4863
1937
4361
1898
1934
4863
4361
1887
1932
4361
4863
1877
1928
4361
1877
4861
1926
4357
1868
4861
1916
4357
1954
4861
2263
1900
4361
4862
2239
1884
4361
4862
1867
2239
4361
4862
1873
2213
4361
4859
1867
4361
2213
4859
1867
4361
2213
4859
1867
4361
2190
4859
1886
4361
2190
4859
1908
4361
2169
4859
1906
2169
4361
4859
1903
2148
4361
4859
1902
2148
4361
4859
1900
4361
2148
4862
1899
2148
4862
4361
1897
2128
4361
4862
2225
2128
4361
4862
2174
4361
2109
4862
2162
4361
2109
4862
2150
4361
2093
4862
2144
4361
2093
4862
2133
4361
2072
4857
2127
4361
2072
4857
2122
4362
2056
4857
2112
4362
4857
2056
2107
4362
2056
4857
4362
2098
2041
4857
4362
2094
2041
4857
4362
2086
2025
4857
4362
2082
2025
4857
4362
2074
2008
4857
4362
2066
2008
4861
4362
2062
1995
4861
4362
2055
1995
4861
4362
2052
1981
4861
4362
2045
4861
1981
4362
2039
1967
4861
4362
2033
1967
4861
4362
2028
4861
1954
4361
1999
1918
4861
4358
1937
1835
4861
4359
1982
1835
4861
4359
1975
2014
4861
4359
1984
2180
4860
4355
1942
2215
4860
4360
1923
4861
1981
4360
1936
2344
4861
4860
4360
1927
2090
4860
2110
4352
1912
4861
2526
4359
1902
4861
4359
2706
1892
4360
4862
1880
2540
4360
1926
4862
2339
4361
1909
2212
4862
4362
1900
4862
2125
4362
1924
2053
4862
4362
1907
2006
4862
4362
1895
1964
4862
4362
2093
2014
4861
4363
2441
2355
4861
4363
2253
2247
4862
4360
2090
2155
4861
2133
4363
1992
4862
2133
4365
1973
4862
4362
2064
2133
4862
4365
2133
2118
4863
4363
2173
2118
4864
4365
2065
4859
2096
4365
1987
2096
4863
2096
4864
4366
2036
2077
4860
4366
1972
2077
4366
1940
4864
4864
4366
1916
2061
4864
2061
4366
1898
2061
4864
4366
1903
4864
2044
4366
1887
4864
2044
4366
1868
2028
4864
4366
1895
2028
4864
4366
1900
2012
4864
4366
1888
1998
4864
4366
1885
1998
4865
4366
1883
4865
4366
1998
1881
4865
4366
1879
1983
4865
4366
1877
1983
1983
4366
1874
4865
1970
4865
4366
1872
1970
4865
4366
1870
1909
4366
4861
1920
1852
4366
1896
4861
4366
1900
1951
4864
4365
4864
1884
1830
4864
1908
4365
1934
4865
2005
4365
1913
1891
4865
4365
1899
1819
4364
1880
4865
4365
1903
1946
4865
4366
1887
2034
4865
4366
1891
4865
2020
2004
4366
1881
4866
2004
4366
1929
4866
2004
4366
1925
4866
1989
4366
1923
4866
1989
4366
1921
4866
4366
1975
1919
4866
4366
1917
1975
4866
4362
1916
1975
4866
4362
1914
1962
4866
1962
4362
4866
1913
4362
1950
1909
4866
4362
1908
1937
4866
1937
4866
4362
1906
1925
4362
4866
1904
4866
1925
4362
1901
4866
1914
4362
1900
4866
4362
1902
1917
4362
1918
4866
1902
4366
1912
1893
4865
4366
1910
1881
4865
4366
1907
4865
1881
4366
1905
1875
4865
4366
1904
1864
4865
4366
1902
1855
4865
1855
4865
4366
1897
4865
1846
4366
1895
4865
1838
4366
1892
4866
4365
1890
1838
4365
4866
1887
1813
4365
1887
4866
1813
4365
2022
1792
4866
4365
2061
1779
4866
1773
4365
2046
4866
1760
4365
2038
4866
4365
1754
2030
4866
1749
4365
2026
4866
1743
4365
4866
2012
1741
4365
2009
4866
4365
2004
1734
4866
1724
4866
4365
1994
4866
1722
4365
1991
4866
1712
4365
1987
4866
1708
4365
1983
4365
1978
4866
1701
4365
1694
1973
4866
4365
1968
1687
4866
4365
1684
1961
4866
4365
1958
1680
4866
4365
1955
1676
4866
4365
1953
4866
1671
4365
1950
1667
4866
4365
1945
1658
4865
4365
1941
1655
4865
4865
4365
1937
1650
4365
1934
4865
1647
4365
1931
4865
1642
4365
1929
1635
4865
4365
1929
1632
4865
1629
4365
1927
4865
1627
4365
4866
1924
4365
1920
1620
4866
4365
1619
1914
4866
4365
1612
1913
4866
4365
1608
1909
4866
4363
1823
1896
4866
4364
1955
1845
4864
4362
2062
1821
4864
4361
2042
4864
1779
4359
2036
4864
1759
1754
4361
2024
4864
1748
4358
2017
4864
4361
1743
2015
4864
4361
2005
1738
4864
4361
1997
1733
4864
4359
1977
2300
4864
4359
1951
2048
4864
4359
1930
4863
2705
4361
1915
4863
3193
3684
4863
4361
1900
4860
3979
4360
1908
4863
4119
4360
1891
4863
4003
4361
1888
4361
4003
4863
1887
4863
4361
3896
1887
3795
4863
4360
1887
3698
4863
4361
2019
3605
4864
4361
2132
3605
4361
2041
4864
4361
3605
1980
4864
4361
1957
3605
4864
4361
2025
4864
3605
4361
1991
4864
3518
4378
1958
3518
4864
4378
1936
3518
4864
4378
1931
3518
4864
4378
1927
3518
4864
4378
1924
3435
4864
4378
1921
4864
3435
4378
3435
1918
4864
4378
3435
1915
4864
4371
1911
3435
4864
4371
1908
3357
4864
4371
1903
3357
4864
4371
1899
3357
4864
4371
1895
4864
3233
3233
4371
1890
4864
1887
4864
4378
3233
4378
4864
1887
3165
4378
4864
1887
3094
4378
4864
1887
3033
4378
1888
4864
3033
4378
3033
1887
4864
4378
1887
2973
4864
4378
1887
2973
4864
4378
1886
2973
4864
4378
1886
2915
4864
2915
1887
4864
4378
2854
4378
1887
4864
2854
4378
1888
4864
2804
4378
1888
4861
2804
4378
1887
4861
4378
1953
4861
2948
3965
2574
4864
4422
4217
4059
2340
4864
3959
4062
2147
4864
4068
2216
4062
4863
3983
2107
3638
4863
3826
2010
3299
4863
3682
2058
3021
4864
3782
2844
2061
4864
4124
2028
2692
4864
4304
2014
2692
4864
4419
2004
2646
4864
4420
1992
2602
4864
4421
2339
2407
4859
2356
4864
4418
2183
2023
4864
4314
2110
2536
4864
4403
2086
2460
4864
4421
2068
2460
4864
4421
2050
4864
4421
2426
2036
2392
4864
4422
2019
2362
4421
4865
2006
4421
2325
1992
4865
4421
1982
2298
4865
4423
1970
4865
2270
4423
1960
2270
4865
4319
1953
2244
4865
4126
1943
4865
2215
4865
3955
1934
2192
4865
3802
1933
2080
4864
4374
2025
2106
4423
4865
1968
2170
1980
4865
2046
4423
4423
2011
4865
1923
4865
4424
2007
1820
4865
4424
1976
1755
4865
4424
1952
1694
4865
4424
1940
1665
4865
4424
1928
1649
4425
4865
1922
1697
4419
1918
4866
1822
4425
1910
1943
4866
4425
1903
2086
4866
4426
1896
2165
4862
4426
1887
4862
2120
4426
4862
1886
2100
2157
4425
1948
4865
2561
4425
1979
4865
2846
4426
1964
4865
3016
4865
4426
1953
2955
4865
4425
1942
2897
4865
4220
1929
2841
4866
1921
4133
2789
4866
3962
1912
2739
4866
4010
1828
2689
4866
4232
1818
4866
2600
4376
1811
2558
4866
4427
1811
2478
4866
4325
1811
4229
2408
1811
4866
2341
4866
3962
1811
2282
4867
3806
1848
4867
2203
3664
1837
2132
4865
3533
1824
2070
4865
3473
1811
2015
3952
4866
1811
1983
4866
4352
1811
1925
4862
4351
1811
4862
2064
4427
1811
4863
4425
2233
1811
4863
4428
1811
2183
4861
4428
1811
2138
4861
4227
1811
2094
4860
4133
1810
2055
3964
1810
4860
2002
3802
1971
4861
1810
3664
1810
1941
4861
2078
3534
4861
1809
4861
2171
3822
1844
2542
4861
4391
1892
2755
4429
4860
1906
3005
4858
4428
1885
3287
4858
4428
1870
3348
4858
4428
1855
3618
4428
1844
4858
4428
3618
1836
4856
4428
1827
3618
4856
4326
1815
4859
3618
4131
1811
3948
4859
4044
1811
4854
3967
3967
4854
3885
1812
4073
4858
3735
1811
4073
1810
3599
4858
4073
1810
4129
4858
4073
4858
1810
4386
4073
4859
1809
4428
4073
1808
4428
4859
4073
1807
4429
4859
1859
4073
4428
4859
1847
4428
4071
4860
1837
4428
4071
4860
4072
1827
4853
4428
4072
1816
4424
4853
1811
4072
4428
4859
1811
4322
4072
4859
1810
4418
3957
4859
1809
4421
3850
4859
3850
4860
1809
4428
3750
1808
4860
4429
1807
3654
4428
4860
4860
3654
1806
4428
4860
1805
3557
4426
1804
4860
3472
4428
1805
3472
4429
4860
3389
4860
1805
4428
3310
4860
1805
4428
3236
1804
4860
4228
3236
1834
4861
4423
3164
1825
4861
4423
3093
1886
5044
4423
1988
3030
5044
4423
1965
5044
2968
4423
5044
1942
4424
2968
5044
1921
4425
2910
5044
2851
1904
4426
2798
5044
1884
4425
2747
5037
1869
4319
2698
1852
5037
4225
2650
1849
4046
5044
1840
2606
4274
5044
2565
1832
4181
5044
1822
4006
2524
5044
3925
1817
5044
2492
3773
2302
2510
5045
3569
2896
5044
2111
3991
2577
2051
5046
4331
2456
1874
5046
4424
2214
2031
5045
4424
2391
5045
1861
4426
2596
2488
5046
4425
2328
2312
5046
4426
2330
5044
2050
4416
2149
5045
2292
3490
5044
4414
2077
3468
5043
4416
1942
3238
5043
4424
2250
3723
5043
4425
2122
3446
4423
5043
1980
3148
4426
1942
5044
4426
2850
1925
5043
4427
2000
2655
5043
5043
2000
2396
4422
2226
4427
1928
5043
4427
2216
1971
5043
4428
1967
2553
5043
4428
1935
5043
2409
4429
5043
1945
2664
4429
2041
5043
2540
5043
4429
2398
2013
5043
4429
2280
2063
2020
4428
5036
2204
5036
4428
2027
2161
5043
4429
1956
2117
5043
2064
4429
2125
5043
2031
4229
1999
1999
5043
4427
1932
2916
5043
4429
2010
2540
5043
4429
2041
2259
5043
4428
2115
2159
4428
5043
1965
2463
5043
4428
2159
1990
4428
2306
5044
5044
2228
4428
2038
2181
5044
4428
1942
2159
5044
4428
2061
2119
5044
4325
2179
2080
5044
4424
2004
2063
4424
5045
2003
4316
2030
2025
5045
4127
2000
2015
5045
4401
1963
1970
5045
4400
1916
1944
5045
4426
1882
5045
1921
4427
1862
5045
1898
4427
1896
1866
5045
4427
1884
5045
1848
4428
1880
1823
5045
4223
1799
1871
5045
1785
4419
1864
5046
5046
1766
4428
1856
